[gd_scene load_steps=6 format=3 uid="uid://m7p8irsbcbpe"]

[ext_resource type="Script" uid="uid://d1werlr6wg3fo" path="res://components/playgrounds/can-i-or-not/can_i_or_not.gd" id="1_hygll"]
[ext_resource type="PackedScene" uid="uid://cjluskbjn3khi" path="res://components/playgrounds/can-i-or-not/falling_block.tscn" id="2_6q0gk"]
[ext_resource type="PackedScene" uid="uid://diffwjr4ettn7" path="res://components/playgrounds/can-i-or-not/start_block.tscn" id="3_ascnp"]
[ext_resource type="PackedScene" uid="uid://ca8pst03bnb6c" path="res://components/playgrounds/can-i-or-not/end_block.tscn" id="4_p6qj4"]

[sub_resource type="FastNoiseLite" id="FastNoiseLite_6q0gk"]

[node name="Level" type="Node3D"]
script = ExtResource("1_hygll")
start_node = NodePath("start")
end_node = NodePath("end")
path_block_scene = ExtResource("2_6q0gk")
path_gap = 10.0
lane_count = 4
lane_spacing = 5.0
start_offset = Vector3(0, 2, 0)
end_offset = Vector3(0, 2, 0)
noise = SubResource("FastNoiseLite_6q0gk")

[node name="start" parent="." instance=ExtResource("3_ascnp")]

[node name="end" parent="." instance=ExtResource("4_p6qj4")]
transform = Transform3D(1, 0, 0, 0, 1, 0, 0, 0, 1, 0, 24.9423, 100)

[node name="PathContainer" type="Node3D" parent="."]

[node name="falling-block" parent="PathContainer" instance=ExtResource("2_6q0gk")]
transform = Transform3D(-0.00790556, 0.00197175, 0.999967, 0, 0.999998, -0.00197182, -0.999969, -1.55883e-05, -0.00790555, 7.5, 2.01479, 0.0592936)

[node name="@StaticBody3D@27853" parent="PathContainer" instance=ExtResource("2_6q0gk")]
transform = Transform3D(-0.0237107, -0.00591221, -0.999701, 0, 0.999983, -0.00591388, 0.999719, -0.000140222, -0.0237103, -2.5, 2.01479, 0.0592936)

[node name="@StaticBody3D@27854" parent="PathContainer" instance=ExtResource("2_6q0gk")]
transform = Transform3D(-0.892366, 0.0893066, 0.442389, 0, 0.980226, -0.197882, -0.451313, -0.176583, -0.87472, 2.75304, 3.01581, 4.1835)

[node name="@StaticBody3D@27855" parent="PathContainer" instance=ExtResource("2_6q0gk")]
transform = Transform3D(-0.442714, -0.103238, -0.8907, 0, 0.99335, -0.115136, 0.896663, -0.0509723, -0.43977, -7.22886, 3.01581, 4.78496)

[node name="@StaticBody3D@27856" parent="PathContainer" instance=ExtResource("2_6q0gk")]
transform = Transform3D(-0.727654, 0.108829, 0.677256, 0, 0.987334, -0.158655, -0.685944, -0.115446, -0.718438, 8.32193, 4.6265, 10.2868)

[node name="@StaticBody3D@27857" parent="PathContainer" instance=ExtResource("2_6q0gk")]
transform = Transform3D(-0.900838, -0.095995, -0.42341, 0, 0.975249, -0.221108, 0.434155, -0.199182, -0.878542, -1.63804, 4.6265, 11.1806)

[node name="@StaticBody3D@27858" parent="PathContainer" instance=ExtResource("2_6q0gk")]
transform = Transform3D(-0.975047, 0.0506597, 0.216139, 0, 0.973614, -0.2282, -0.221997, -0.222506, -0.94932, 3.97907, 6.58715, 18.7158)

[node name="@StaticBody3D@27859" parent="PathContainer" instance=ExtResource("2_6q0gk")]
transform = Transform3D(-0.672021, -0.130482, -0.728946, 0, 0.984354, -0.1762, 0.740532, -0.11841, -0.661507, -5.98923, 6.58715, 19.5113)

[node name="@StaticBody3D@27860" parent="PathContainer" instance=ExtResource("2_6q0gk")]
transform = Transform3D(-0.778346, 0.118556, 0.61654, 0, 0.982009, -0.188833, -0.627836, -0.146977, -0.764343, 9.25811, 8.79892, 27.3946)

[node name="@StaticBody3D@27861" parent="PathContainer" instance=ExtResource("2_6q0gk")]
transform = Transform3D(-0.952116, -0.0724188, -0.297035, 0, 0.971542, -0.236867, 0.305735, -0.225525, -0.925021, -0.736927, 8.79892, 27.7097)

[node name="@StaticBody3D@27862" parent="PathContainer" instance=ExtResource("2_6q0gk")]
transform = Transform3D(-0.959881, 0.0687289, 0.271853, 0, 0.969497, -0.245105, -0.280406, -0.235272, -0.930602, 4.10782, 11.1912, 36.7979)

[node name="@StaticBody3D@27863" parent="PathContainer" instance=ExtResource("2_6q0gk")]
transform = Transform3D(-0.78316, -0.123424, -0.609448, 0, 0.980103, -0.198488, 0.62182, -0.155448, -0.767578, -5.89077, 11.1912, 36.6295)

[node name="@StaticBody3D@27864" parent="PathContainer" instance=ExtResource("2_6q0gk")]
transform = Transform3D(-0.744097, 0.132314, 0.654838, 0, 0.980191, -0.198054, -0.668072, -0.147371, -0.729357, 8.56457, 13.6166, 46.5385)

[node name="@StaticBody3D@27865" parent="PathContainer" instance=ExtResource("2_6q0gk")]
transform = Transform3D(-0.979279, -0.0491255, -0.196468, 0, 0.970133, -0.242575, 0.202517, -0.237549, -0.95003, -1.41933, 13.6166, 45.9714)

[node name="@StaticBody3D@27866" parent="PathContainer" instance=ExtResource("2_6q0gk")]
transform = Transform3D(-0.948003, 0.0759142, 0.309074, 0, 0.971136, -0.238528, -0.318261, -0.226126, -0.92064, 2.93339, 16.0338, 55.7775)

[node name="@StaticBody3D@27867" parent="PathContainer" instance=ExtResource("2_6q0gk")]
transform = Transform3D(-0.825156, -0.110503, -0.553991, 0, 0.980681, -0.195613, 0.564905, -0.161411, -0.809215, -7.04414, 16.0338, 55.1076)

[node name="@StaticBody3D@27868" parent="PathContainer" instance=ExtResource("2_6q0gk")]
transform = Transform3D(-0.736058, 0.127036, 0.664892, 0, 0.982233, -0.187667, -0.676919, -0.138134, -0.72298, 7.13197, 18.3644, 65.8084)

[node name="@StaticBody3D@27869" parent="PathContainer" instance=ExtResource("2_6q0gk")]
transform = Transform3D(-0.9851, -0.0392611, -0.167443, 0, 0.973595, -0.228283, 0.171985, -0.224881, -0.959088, -2.83492, 18.3644, 64.9953)

[node name="@StaticBody3D@27870" parent="PathContainer" instance=ExtResource("2_6q0gk")]
transform = Transform3D(-0.948828, 0.0705796, 0.307804, 0, 0.974704, -0.2235, -0.315792, -0.212063, -0.924827, 1.48938, 20.6558, 75.0221)

[node name="@StaticBody3D@27871" parent="PathContainer" instance=ExtResource("2_6q0gk")]
transform = Transform3D(-0.830391, -0.102512, -0.547669, 0, 0.982929, -0.183984, 0.55718, -0.152779, -0.816216, -8.48721, 20.6558, 74.3384)

[node name="@StaticBody3D@27872" parent="PathContainer" instance=ExtResource("2_6q0gk")]
transform = Transform3D(-0.757448, 0.121319, 0.641524, 0, 0.982584, -0.185818, -0.652895, -0.140747, -0.744257, 5.97167, 22.9738, 84.9291)

[node name="@StaticBody3D@27873" parent="PathContainer" instance=ExtResource("2_6q0gk")]
transform = Transform3D(-0.980179, -0.0446853, -0.193006, 0, 0.97423, -0.225556, 0.198112, -0.221085, -0.95492, -4.01432, 22.9738, 84.3999)
